Tap,nevertoorichandnevertoothin,27,nevertoorichandnevertoothin,27,100,-,-,0,-,-,-,-,-,-,M_D_Y H_M_S - 5_20_2022 - 7_03_25 PM
Tap,thislibraryhasmanybooks,23,thislibraryhasmanybooks,23,100,-,-,0,-,-,-,-,-,-,M_D_Y H_M_S - 5_20_2022 - 7_03_25 PM
Tap,exceedthemaximumspeedlimit,26,exceedthemaximumspeedlimit,26,100,-,-,0,-,-,-,-,-,-,M_D_Y H_M_S - 5_20_2022 - 7_03_25 PM
Tap,universitiesaretooexpensive,27,universitiesaretooexpensive,27,100,-,-,0,-,-,-,-,-,-,M_D_Y H_M_S - 5_20_2022 - 7_03_25 PM
Tap,mostjudesareveryhonest,22,mostjudesareveryhonest,22,100,-,-,0,-,-,-,-,-,-,M_D_Y H_M_S - 5_20_2022 - 7_03_25 PM
Tap,hermajestyvisitedourcountry,27,hermajestyvisitedourcountry,27,100,-,-,0,-,-,-,-,-,-,M_D_Y H_M_S - 5_20_2022 - 7_03_25 PM
Tap,pleasefollowtheguidelines,25,pleasefollowtheguidelines,25,100,-,-,0,-,-,-,-,-,-,M_D_Y H_M_S - 5_20_2022 - 7_03_25 PM
Tap,theacceptancespeechwasboring,28,theacceptancespeechwasboring,28,100,-,-,0,-,-,-,-,-,-,M_D_Y H_M_S - 5_20_2022 - 7_03_25 PM
Tap,thesebarracksarebigenough,25,thesebarracksarebigenough,25,100,-,-,0,-,-,-,-,-,-,M_D_Y H_M_S - 5_20_2022 - 7_03_25 PM
Tap,theplugdoesnotfitthesoket,25,theplugdoesnotfitthesoket,25,100,-,-,0,-,-,-,-,-,-,M_D_Y H_M_S - 5_20_2022 - 7_03_25 PM
